# relative_time, cycles_done, cur_item, corpus_count, pending_total, pending_favs, map_size, saved_crashes, saved_hangs, max_depth, execs_per_sec, total_execs, edges_found
61, 0, 82, 113, 80, 1, 0.01%, 1, 0, 6, 898.33, 53632, 461
66, 0, 82, 116, 83, 1, 0.01%, 1, 0, 6, 903.49, 58214, 463
71, 0, 114, 123, 88, 1, 0.01%, 1, 0, 6, 894.77, 62840, 465
76, 0, 124, 126, 88, 1, 0.01%, 2, 0, 6, 834.21, 67206, 469
82, 0, 38, 127, 87, 0, 0.01%, 2, 0, 6, 835.77, 71552, 469
87, 0, 72, 127, 87, 0, 0.01%, 2, 0, 6, 892.83, 76091, 469
92, 0, 82, 128, 87, 0, 0.01%, 2, 0, 6, 905.24, 80805, 469
97, 0, 72, 130, 89, 0, 0.01%, 2, 0, 6, 908.23, 85524, 469
102, 0, 99, 132, 91, 0, 0.01%, 2, 0, 6, 907.46, 90237, 469
107, 0, 85, 133, 92, 0, 0.01%, 2, 0, 6, 906.91, 94778, 469
112, 1, 55, 134, 93, 0, 0.01%, 2, 0, 6, 904.93, 99436, 469
118, 1, 38, 134, 93, 0, 0.01%, 2, 0, 6, 909.69, 104161, 469
123, 1, 23, 134, 93, 0, 0.01%, 2, 0, 6, 891.07, 108647, 469
128, 1, 38, 135, 93, 0, 0.01%, 2, 0, 6, 905.89, 113328, 469
133, 1, 112, 136, 93, 0, 0.01%, 2, 0, 6, 904.69, 117856, 469
138, 1, 38, 137, 94, 0, 0.01%, 2, 0, 6, 909.02, 122566, 469
143, 1, 44, 138, 94, 0, 0.01%, 2, 0, 6, 899.04, 127176, 469
148, 1, 114, 139, 94, 0, 0.01%, 3, 0, 6, 898.30, 131828, 469
153, 1, 117, 139, 94, 0, 0.01%, 3, 0, 6, 907.29, 136525, 469
159, 1, 38, 140, 95, 0, 0.01%, 3, 0, 6, 905.50, 141203, 469
164, 1, 67, 140, 94, 0, 0.01%, 3, 0, 6, 905.87, 145879, 469
216, 1, 82, 140, 94, 0, 0.01%, 3, 0, 6, 0.37, 148957, 469
221, 2, 38, 140, 92, 0, 0.01%, 3, 0, 6, 867.22, 153413, 469
276, 2, 38, 140, 91, 0, 0.01%, 3, 0, 6, 0.02, 156045, 469
281, 2, 72, 140, 91, 0, 0.01%, 3, 0, 6, 909.00, 160741, 469
333, 2, 108, 140, 91, 0, 0.01%, 3, 0, 6, 0.12, 163425, 469
338, 2, 26, 140, 88, 0, 0.01%, 3, 0, 6, 877.80, 167888, 469
343, 2, 38, 141, 87, 0, 0.01%, 3, 0, 6, 895.73, 172501, 474
349, 2, 54, 141, 87, 0, 0.01%, 3, 0, 6, 904.55, 177233, 474
354, 2, 38, 142, 86, 0, 0.01%, 3, 0, 6, 906.14, 181872, 476
359, 2, 85, 143, 86, 0, 0.01%, 3, 0, 6, 905.98, 186542, 478
364, 2, 85, 143, 86, 0, 0.01%, 3, 0, 6, 911.41, 191284, 478
369, 2, 30, 143, 85, 0, 0.01%, 3, 0, 6, 899.86, 195895, 478
374, 2, 64, 143, 84, 0, 0.01%, 3, 0, 6, 898.58, 200392, 478
380, 3, 38, 143, 84, 0, 0.01%, 3, 0, 6, 902.61, 205027, 478
385, 3, 74, 144, 84, 0, 0.01%, 3, 0, 6, 905.53, 209741, 478
390, 3, 38, 146, 86, 0, 0.01%, 4, 0, 6, 904.61, 214417, 478
395, 3, 19, 146, 86, 0, 0.01%, 4, 0, 6, 907.33, 219129, 478
400, 3, 38, 146, 85, 0, 0.01%, 4, 0, 6, 907.85, 223769, 478
405, 3, 79, 146, 85, 0, 0.01%, 4, 0, 6, 910.06, 228510, 478
411, 3, 55, 146, 85, 0, 0.01%, 4, 0, 6, 907.72, 233142, 478
416, 3, 72, 146, 84, 0, 0.01%, 4, 0, 6, 903.81, 237793, 478
421, 3, 95, 146, 84, 0, 0.01%, 4, 0, 6, 909.99, 242379, 478
426, 3, 55, 146, 84, 0, 0.01%, 4, 0, 6, 909.11, 247053, 478
431, 3, 112, 146, 83, 0, 0.01%, 4, 0, 6, 898.93, 251581, 478
436, 4, 72, 146, 83, 0, 0.01%, 4, 0, 6, 897.26, 256211, 478
441, 4, 38, 147, 84, 0, 0.01%, 4, 0, 6, 903.88, 260916, 478
446, 4, 72, 147, 83, 0, 0.01%, 4, 0, 6, 905.32, 265604, 478
452, 4, 0, 148, 83, 0, 0.01%, 5, 0, 6, 902.62, 270258, 478
457, 4, 64, 148, 82, 0, 0.01%, 5, 0, 6, 906.29, 274964, 478
462, 4, 126, 149, 82, 0, 0.01%, 5, 0, 7, 900.37, 279606, 478
467, 4, 38, 149, 81, 0, 0.01%, 5, 0, 7, 903.28, 284159, 478
472, 4, 64, 149, 81, 0, 0.01%, 5, 0, 7, 907.72, 288857, 478
477, 4, 37, 150, 82, 0, 0.01%, 5, 0, 7, 905.88, 293559, 478
482, 4, 99, 151, 82, 0, 0.01%, 5, 0, 7, 869.60, 298034, 478
488, 4, 89, 151, 82, 0, 0.01%, 5, 0, 7, 898.70, 302699, 478
493, 4, 140, 151, 81, 0, 0.01%, 6, 0, 7, 897.75, 307347, 478
498, 4, 82, 151, 81, 0, 0.01%, 6, 0, 7, 905.59, 312021, 478
503, 5, 30, 151, 81, 0, 0.01%, 6, 0, 7, 906.82, 316589, 478
